4294967279,213
4294967278,213
4294967294,346
4294967294,345
4294967294,344
4294967294,343
4294967294,342
4294967294,341
4294967294,340
4294967294,339
4294967294,338
4294967294,337
4294967294,336
4294967294,335
4294967294,334
4294967294,333
4294967294,332
4294967294,331
4294967294,330
4294967279,212
4294967278,212
4294967279,211
4294967278,211
4294967279,210
4294967278,210
4294967279,209
4294967278,209
4294967279,208
4294967278,208
4294967279,207
4294967278,207
4294967294,425
4294967279,206
4294967278,206
4294967294,459
4294967279,205
4294967278,205
4294967294,424
4294967279,204
4294967294,420
4294967294,423
4294967278,204
4294967279,203
4294967294,458
4294967278,203
4294967279,202
4294967278,202
4294967294,422
4294967279,201
4294967294,457
4294967278,201
4294967279,200
4294967294,456
4294967278,200
4294967279,199
4294967294,421
4294967294,455
4294967294,412
4294967294,415
4294967294,419
4294967294,413
4294967294,454
4294967294,418
4294967294,403
4294967294,453
4294967294,417
4294967294,452
4294967294,451
4294967294,450
4294967294,416
4294967294,414
4294967294,449
4294967294,448
4294967294,398
4294967294,401
4294967294,393
4294967294,411
4294967294,410
4294967294,409
4294967294,408
4294967294,407
4294967294,406
4294967294,405
4294967279,198
4294967278,199
4294967279,197
4294967278,198
4294967279,196
4294967278,197
4294967279,195
4294967278,196
4294967279,194
4294967278,195
4294967279,193
4294967278,194
4294967279,192
4294967278,193
4294967279,191
4294967278,192
4294967279,190
4294967278,191
4294967279,189
4294967278,190
4294967279,188
4294967278,189
4294967279,187
4294967278,188
4294967279,186
4294967278,187
4294967279,185
4294967278,186
4294967279,184
4294967278,185
4294967279,183
4294967278,184
4294967279,182
4294967278,183
4294967279,181
4294967278,182
4294967279,180
4294967278,181
4294967279,179
4294967278,180
4294967279,178
4294967294,404
4294967294,183
4294967294,390
4294967294,402
4294967294,189
4294967278,179
4294967279,177
4294967293,131
4294967293,130
4294967293,129
4294967293,128
4294967293,127
4294967293,126
4294967293,125
4294967293,124
4294967293,123
4294967293,122
4294967293,121
4294967293,120
4294967293,119
4294967293,118
4294967293,117
4294967293,116
4294967293,115
4294967293,114
4294967293,113
4294967293,112
4294967293,111
4294967293,110
4294967293,109
4294967293,108
4294967293,107
4294967293,106
4294967293,105
4294967293,104
4294967293,103
4294967293,102
4294967293,101
4294967293,100
4294967293,99
4294967293,98
4294967293,97
4294967293,96
4294967293,95
4294967293,94
4294967293,93
4294967293,92
4294967293,91
4294967293,90
4294967293,89
4294967293,88
4294967293,87
4294967293,86
4294967293,85
4294967293,84
4294967293,83
4294967293,82
4294967293,81
4294967293,80
4294967293,79
4294967293,78
4294967293,77
4294967293,76
4294967293,75
4294967293,74
4294967293,73
4294967293,72
4294967293,71
4294967293,70
4294967293,69
4294967293,68
4294967293,67
4294967293,66
4294967293,65
4294967293,64
4294967293,63
4294967293,62
4294967293,61
4294967293,60
4294967293,59
4294967293,58
4294967293,57
4294967293,56
4294967293,55
4294967293,54
4294967293,53
4294967293,52
4294967293,51
4294967293,50
4294967293,49
4294967293,48
4294967293,47
4294967293,46
4294967293,45
4294967293,44
4294967293,43
4294967293,42
4294967293,41
4294967293,40
4294967293,39
4294967293,38
4294967293,37
4294967293,36
4294967293,35
4294967293,34
4294967293,33
4294967293,32
4294967293,31
4294967293,30
4294967293,29
4294967293,28
4294967293,27
4294967293,26
4294967293,25
4294967293,24
4294967293,23
